Faces>Houses
1 -1 0 0 0 0 0 0 1 -1 0 0 0 0 0 0 1 -1 0 0 0 0 0 0 1 -1 0 0 0 0 0 0 1 -1 0 0 0 0 0 0 1 -1 0 0 0 0 0 0 1 -1 0 0 0 0 0 0 1 -1 0 0 0 0 0 0 1 -1 0 0 0 0 0 0 1 -1 0 0 0 0 0 0 1 -1 0 0 0 0 0 0 1 -1 0 0 0 0 0 0 


Houses>Faces
-1 1 0 0 0 0 0 0 -1 1 0 0 0 0 0 0 -1 1 0 0 0 0 0 0 -1 1 0 0 0 0 0 0 -1 1 0 0 0 0 0 0 -1 1 0 0 0 0 0 0 -1 1 0 0 0 0 0 0 -1 1 0 0 0 0 0 0 -1 1 0 0 0 0 0 0 -1 1 0 0 0 0 0 0 -1 1 0 0 0 0 0 0 -1 1 0 0 0 0 0 0 

Chairs>Shoes
0 0 0 0 0 -1 1 0 0 0 0 0 0 -1 1 0 0 0 0 0 0 -1 1 0 0 0 0 0 0 -1 1 0 0 0 0 0 0 -1 1 0 0 0 0 0 0 -1 1 0 0 0 0 0 0 -1 1 0 0 0 0 0 0 -1 1 0 0 0 0 0 0 -1 1 0 0 0 0 0 0 -1 1 0 0 0 0 0 0 -1 1 0 0 0 0 0 0 -1 1 0

Shoes>Chairs
0 0 0 0 0 1 -1 0 0 0 0 0 0 1 -1 0 0 0 0 0 0 1 -1 0 0 0 0 0 0 1 -1 0 0 0 0 0 0 1 -1 0 0 0 0 0 0 1 -1 0 0 0 0 0 0 1 -1 0 0 0 0 0 0 1 -1 0 0 0 0 0 0 1 -1 0 0 0 0 0 0 1 -1 0 0 0 0 0 0 1 -1 0 0 0 0 0 0 1 -1 0 




